4294967294,0
279,7
4294967294,1500
4294967294,1499
281,6
4294967294,1498
4294967294,493
300,2
4294967279,407
4294967279,395
70,2
299,4
4294967294,1434
337,4
337,6
282,7
282,5
282,4
70,4
4294967294,83
300,5
4294967279,262
4294967278,364
4294967278,383
72,16
72,0
4294967278,551
4294967278,265
4294967278,279
4294967279,420
4294967279,348
4294967278,549
4294967278,545
72,15
72,14
72,10
72,13
72,9
4294967278,246
4294967278,244
4294967279,237
94,4
4294967294,1464
78,5
282,6
4294967294,1550
4294967294,1548
4294967294,1432
284,6
76,5
75,5
4294967278,320
72,12
4294967279,426
4294967278,544
4294967279,228
4294967278,210
4294967279,382
4294967278,372
4294967278,371
4294967279,396
4294967278,159
4294967279,160
72,11
4294967278,376
4294967278,359
4294967278,136
4294967278,134
4294967279,268
72,5
4294967279,256
4294967278,258
4294967279,260
4294967278,240
4294967279,261
4294967278,512
4294967279,393
4294967278,66
4294967278,64
4294967279,67
4294967279,323
4294967279,180
4294967278,178
4294967278,176
4294967278,173
4294967278,370
4294967279,171
4294967278,169
4294967279,170
4294967278,168
4294967279,168
4294967279,166
4294967278,164
4294967279,165
4294967278,41
4294967279,52
4294967279,161
4294967279,159
4294967278,157
4294967278,156
4294967278,155
4294967279,434
4294967279,150
72,8
4294967278,149
4294967278,148
4294967279,148
4294967278,147
4294967278,146
4294967279,146
4294967278,145
4294967279,145
4294967278,144
4294967279,144
4294967279,358
4294967278,40
4294967279,39
4294967278,138
4294967279,273
4294967278,135
4294967279,133
4294967278,273
4294967278,270
4294967278,269
4294967278,268
4294967279,264
4294967278,267
4294967279,263
4294967278,278
4294967278,261
4294967278,30
4294967278,524
4294967278,257
4294967278,566
4294967279,322
4294967279,356
4294967278,518
4294967278,254
4294967279,319
4294967278,565
4294967279,251
4294967278,250
4294967279,249
4294967279,239
4294967278,236
4294967279,236
4294967278,234
4294967279,442
4294967279,216
4294967278,214
4294967279,384
4294967278,318
4294967278,209
72,7
72,1
72,6
4294967279,309
4294967278,201
4294967279,397
4294967279,196
4294967279,195
4294967279,194
4294967278,192
4294967279,445
4294967279,428
4294967279,179
0,7
4294967278,88
4294967279,149
4294967279,141
4294967278,137
325,4
4294967278,260
4294967278,275
4294967278,239
4294967279,259
4294967278,264
241,5
4294967294,1447
310,5
310,4
309,7
309,6
309,4
307,5
307,4
79,6
79,5
4294967279,328
4294967278,547
4294967278,223
81,2
4294967279,373
4294967278,321
4294967279,413
80,2
323,4
323,5
4294967278,131
4294967278,128
4294967278,127
4294967278,126
4294967278,125
4294967278,117
4294967278,116
4294967278,115
4294967278,106
4294967278,263
4294967278,101
4294967278,99
4294967278,96
4294967278,174
4294967278,95
4294967278,38
4294967278,29
4294967278,28
4294967278,27
4294967278,25
4294967278,23
4294967278,20
4294967278,19
4294967278,18
4294967278,17
4294967278,15
4294967278,9
4294967278,8
4294967278,7
4294967278,6
4294967278,4
4294967279,131
4294967279,127
4294967279,115
4294967279,221
4294967279,105
4294967279,19
4294967279,18
4294967279,16
4294967279,8
4294967279,7
4294967279,5
73,2
4294967278,253
4294967278,248
4294967279,248
4294967279,246
4294967279,244
4294967278,242
4294967279,242
72,2
4294967279,234
4294967278,232
4294967279,232
4294967278,230
4294967279,230
4294967278,228
4294967278,226
4294967279,226
4294967278,224
4294967278,222
4294967279,314
4294967278,212
4294967278,211
4294967278,375
4294967278,208
4294967278,202
4294967278,217
4294967278,200
4294967278,199
81,4
4294967279,291
4294967278,374
80,4
4294967278,194
4294967278,193
4294967278,252
4294967279,190
4294967279,383
4294967279,340
4294967278,323
4294967279,182
4294967278,180
4294967279,391
4294967279,435
74,5
74,4
4294967278,123
4294967278,114
4294967278,112
4294967278,105
4294967278,104
4294967278,103
4294967278,94
4294967278,93
4294967278,91
4294967278,89
4294967279,126
4294967279,124
4294967279,116
4294967279,113
4294967279,104
4294967279,0
4294967279,343
4294967278,326
4294967278,532
4294967278,289
4294967278,538
4294967279,363
4294967278,363
4294967279,163
4294967279,444
4294967279,294
4294967278,556
4294967278,379
4294967279,443
304,2
4294967279,155
167,4
4294967294,68
4294967294,11
79,4
4294967278,0
303,2
303,4
73,5
73,4
4294967278,378
296,2
72,4
299,6
299,5
142,4
300,4
238,4
4294967294,1542
279,4
279,8
91,4
90,7
90,5
180,6
4294967294,1544
309,5
111,5
4294967294,1469
306,4
304,4
268,5
270,5
272,5
4,4
4294967294,1468
4294967294,423
291,4
4294967294,416
4294967294,1431
156,4
4294967294,1471
4294967294,492
4294967294,477
4294967294,497
4294967294,1532
4294967294,498
4294967294,201
4294967294,486
4294967294,489
4294967294,487
4294967294,1531
4294967294,511
4294967294,491
4294967294,490
4294967294,1496
4294967294,1425
4294967294,1493
4294967294,1472
4294967294,1526
4294967294,1525
4294967294,1527
4294967294,1524
4294967294,1523
4294967294,1426
4294967294,485
4294967294,483
4294967294,484
4294967294,104
4294967294,106
4294967294,166
4294967294,24
4294967294,160
4294967294,168
4294967294,12
4294967294,82
4294967294,81
349,13
349,0
4294967279,480
349,12
349,11
4294967279,440
4294967279,439
4294967279,446
4294967278,367
4294967278,377
4294967279,394
4294967294,495
4294967279,270
235,2
4294967294,1456
375,56
375,55
375,66
4294967279,479
375,65
375,0
375,64
375,54
4294967279,478
375,53
375,52
375,46
375,51
375,17
375,50
375,49
4294967279,477
375,48
375,47
375,42
375,45
375,44
4294967279,476
375,43
375,39
375,41
375,40
375,20
375,38
4294967279,475
375,37
375,35
375,36
375,24
375,34
375,33
375,21
375,32
375,31
375,30
4294967279,474
375,29
375,28
375,27
4294967279,473
375,26
375,25
375,23
4294967279,472
375,22
375,19
375,18
375,16
4294967279,471
375,13
375,15
375,14
375,11
375,12
375,10
375,5
4294967279,470
375,9
375,8
375,7
375,6
0,5
4294967279,370
233,2
4294967278,537
4294967279,330
4294967279,469
4294967279,416
4294967278,361
4294967294,1438
4294967294,22
4294967294,17
4294967294,67
4294967294,99
4294967294,76
4294967294,36
4294967294,41
4294967294,43
4294967294,51
4294967294,496
4294967294,25
4294967294,1450
4294967294,26
4294967279,385
325,60
325,80
325,59
325,58
325,57
325,56
325,79
4294967279,468
325,78
325,77
325,76
325,75
325,74
325,73
325,72
325,55
325,71
325,70
325,69
4294967279,467
325,68
325,54
325,67
325,66
325,65
4294967279,466
325,0
325,50
325,64
325,53
325,52
325,51
325,46
325,49
4294967279,465
325,48
325,47
325,40
325,45
325,44
325,28
325,43
4294967279,464
325,42
325,41
325,34
325,39
325,38
325,37
325,36
325,35
4294967279,463
325,17
325,33
325,32
325,31
325,30
325,29
325,10
4294967279,462
325,27
325,26
325,25
325,24
325,23
325,14
325,22
4294967279,461
325,21
325,11
325,20
325,19
325,18
325,16
325,15
4294967279,460
325,13
325,12
325,5
325,9
325,8
325,7
325,6
4294967279,459
4294967279,433
4294967278,366
303,15
303,0
303,12
303,14
303,13
303,11
303,5
303,10
4294967279,458
303,9
303,8
303,7
303,6
4294967294,1420
4294967294,1418
182,2
296,6
296,5
296,4
293,34
293,0
293,28
293,33
293,32
4294967279,457
293,31
293,30
293,26
293,29
293,22
293,27
293,24
4294967279,456
293,25
293,19
293,23
293,17
293,21
4294967279,455
293,20
293,15
293,18
293,14
293,16
293,11
293,13
293,6
293,12
4294967279,454
293,10
293,5
293,9
293,8
293,1
293,7
293,2
293,4
255,9
255,8
255,7
255,6
255,5
255,4
4294967294,7
4294967294,6
4294967294,42
4294967294,475
250,8
250,7
250,6
250,5
250,4
4294967294,1461
4294967294,207
4294967294,1534
4294967294,206
4294967279,453
236,49
236,0
236,48
236,44
236,47
236,46
236,45
236,41
236,43
4294967279,452
236,42
236,38
236,40
236,39
4294967279,451
236,34
236,37
236,36
236,35
236,32
236,33
4294967279,450
236,29
236,31
236,30
236,24
236,28
4294967279,449
236,27
236,26
236,25
236,20
236,23
236,22
236,17
4294967279,448
236,21
236,19
236,18
236,12
236,16
236,15
236,14
236,13
236,10
236,11
236,9
236,5
236,8
236,7
236,1
236,6
236,2
4294967278,567
4294967294,1430
174,2
236,4
4294967278,360
4294967279,352
235,6
235,5
235,4
4294967279,392
4294967278,283
4294967279,274
233,6
233,5
233,4
231,27
231,32
231,0
231,31
231,30
231,29
231,28
231,23
231,26
231,25
231,24
231,18
231,22
4294967279,388
231,21
231,20
231,19
231,13
231,17
231,16
231,15
231,14
231,10
231,12
4294967279,387
231,11
231,9
231,5
231,8
231,7
231,1
231,6
231,2
4294967278,548
4294967294,1449
4294967279,415
273,5
273,2
273,4
231,4
230,33
230,0
230,19
230,32
4294967279,386
230,31
230,30
230,29
230,28
230,27
230,26
230,14
230,12
230,25
230,24
230,23
230,22
230,21
4294967279,157
230,20
230,13
230,18
230,11
230,17
230,16
230,15
230,6
230,5
4294967279,138
230,10
230,9
230,8
230,1
230,7
230,2
4294967278,536
4294967279,432
68,2
230,4
228,19
228,28
228,0
228,27
228,26
228,25
228,24
228,23
228,14
228,22
228,21
228,20
228,15
228,18
228,17
228,16
228,5
228,13
228,12
228,11
228,10
228,1
228,9
228,2
43,2
228,8
228,7
228,6
228,4
4294967294,1442
225,54
225,0
4294967279,318
225,53
225,38
225,52
225,51
225,11
225,50
225,49
225,10
225,48
225,47
225,35
225,46
225,45
225,44
225,43
225,42
225,40
225,41
225,29
225,39
225,32
4294967279,316
225,37
225,36
225,34
225,33
225,26
4294967279,315
225,31
225,30
225,24
225,28
225,27
225,18
225,25
225,20
225,23
225,22
225,21
225,16
225,19
225,15
225,17
225,13
225,14
225,5
225,12
225,6
225,9
225,8
225,1
225,7
225,2
4294967279,423
4294967294,1567
218,5
218,2
218,4
225,4
223,15
223,0
223,11
223,14
4294967279,310
223,13
223,12
223,6
223,10
223,5
223,9
220,4
220,6
223,8
223,1
223,7
223,2
4294967279,414
204,2
223,4
221,120
221,119
221,118
221,117
221,0
221,128
4294967279,308
221,116
221,115
221,57
221,114
221,113
221,112
221,111
221,110
221,109
221,108
221,107
221,56
221,106
221,55
221,105
221,104
221,103
221,102
221,101
221,100
221,99
221,98
221,54
221,97
221,96
221,95
221,53
221,94
221,93
221,92
221,91
221,90
221,89
221,88
221,87
221,86
221,85
221,84
221,52
221,46
221,83
221,82
221,81
221,51
221,49
221,80
221,79
4294967279,223
221,78
221,77
221,76
221,75
221,74
221,50
221,41
221,73
221,72
221,71
221,70
221,69
221,68
221,67
221,36
221,66
221,65
221,64
221,48
221,47
221,35
4294967279,217
221,45
221,44
221,43
221,42
221,29
221,40
221,39
221,38
221,37
221,24
221,34
221,7
221,33
221,32
221,31
221,30
221,28
221,5
221,27
221,26
221,25
221,23
221,6
221,22
221,21
221,20
221,19
221,18
221,17
221,16
221,15
